température,Réquivalente
93.55,81.30740596953572
93.55,82.45499181669393
93.55,82.45499181669393
92.58,82.45499181669393
92.09,83.59761064349715
92.09,82.45499181669393
92.09,83.59761064349715
91.6,83.59761064349715
91.6,83.59761064349715
91.11,85.8952748139514
90.62,84.74630092561314
90.14,85.8952748139514
90.14,87.049794752811
89.65,88.20418313424221
89.65,87.049794752811
89.65,88.20418313424221
88.67,89.36360623135565
88.18,89.36360623135565
87.7,90.52249637155295
88.18,89.36360623135565
87.7,90.52249637155295
87.21,91.68592436974791
86.72,91.68592436974791
87.21,92.84843205574913
86.72,91.68592436974791
86.23,92.84843205574913
86.23,94.01499555767437
86.23,95.18532893460122
85.25,95.18532893460122
84.77,95.18532893460122
84.28,96.35915039691055
83.79,97.53618238483541
83.79,96.35915039691055
83.3,97.53618238483541
83.3,98.71123948687452
82.81,98.71123948687452
83.3,99.8939272281621
82.81,99.8939272281621
82.32,101.0742064326256
81.84,101.0742064326256
81.35,102.2614914885608
80.86,102.2614914885608
81.35,102.2614914885608
80.37,104.63681139025701
80.86,102.2614914885608
80.37,103.44595156861115
79.88,104.63681139025701
79.88,104.63681139025701
79.88,105.8336764100453
79.39,105.8336764100453
78.91,108.22580645161293
79.39,108.22580645161293
78.91,108.22580645161293
78.42,109.4251686212554
77.93,109.4251686212554
78.42,109.4251686212554
77.93,110.62930582974094
77.93,110.62930582974094
76.95,110.62930582974094
77.44,110.62930582974094
77.44,111.83348024681463
75.98,111.83348024681463
75.98,113.04179782444115
76.95,113.04179782444115
76.46,114.25390284491638
75.49,114.25390284491638
75.0,115.46944564831959
75.0,116.68390433096313
74.51,115.46944564831959
74.51,115.46944564831959
75.0,115.46944564831959
75.0,116.68390433096313
74.02,117.90534618755476
73.54,117.90534618755476
73.54,117.90534618755476
74.02,119.12513070756359
74.02,119.12513070756359
72.56,119.12513070756359
73.05,120.35114738949636
72.56,120.35114738949636
72.56,120.35114738949636
73.05,121.57894736842104
72.07,121.57894736842104
71.58,121.57894736842104
72.07,122.80821917808218
71.09,122.80821917808218
71.58,122.80821917808218
71.09,124.03865794152136
71.58,124.03865794152136
70.12,125.27381422367607
71.09,125.27381422367607
70.12,125.27381422367607
71.09,126.51325746958908
69.63,126.51325746958908
70.12,127.75280898876404
70.12,128.9959023958064
70.12,128.9959023958064
69.63,128.9959023958064
68.65,130.24213075060533
68.65,128.9959023958064
68.16,130.24213075060533
68.16,130.24213075060533
69.14,130.24213075060533
68.16,131.4910953535427
67.68,131.4910953535427
68.16,131.4910953535427
67.19,131.4910953535427
68.16,132.74240585433006
66.7,132.74240585433006
67.19,132.74240585433006
67.19,132.74240585433006
66.7,133.99920807760842
67.19,133.99920807760842
67.19,135.2540281478567
66.21,135.2540281478567
65.72,135.2540281478567
66.21,136.51351207291722
66.21,135.2540281478567
66.21,136.51351207291722
66.21,136.51351207291722
65.23,136.51351207291722
65.72,137.77716978800768
64.75,139.04452120850794
65.23,139.04452120850794
65.23,140.31179237066712
64.75,139.04452120850794
63.77,140.31179237066712
64.26,141.58191601640223
64.26,140.31179237066712
63.77,141.58191601640223
63.77,141.58191601640223
63.77,142.85765840078363
63.77,142.85765840078363
62.79,142.85765840078363
62.79,142.85765840078363
62.79,142.85765840078363
63.77,144.13527674898873
62.79,142.85765840078363
62.79,144.13527674898873
62.79,144.13527674898873
62.79,145.41434310219162
62.79,145.41434310219162
62.79,145.41434310219162
61.33,145.41434310219162
61.82,146.6975256690793
61.33,146.6975256690793
61.82,146.6975256690793
61.82,147.98124655267515
60.84,146.6975256690793
60.35,147.98124655267515
61.33,149.27110993096125
60.84,147.98124655267515
61.33,149.27110993096125
61.33,147.98124655267515
60.35,149.27110993096125
59.86,149.27110993096125
60.35,149.27110993096125
59.38,150.56056286971278
59.38,150.56056286971278
59.86,151.85506298053332
59.38,151.85506298053332
58.89,153.15399730427583
60.35,153.15399730427583
59.86,153.15399730427583
58.89,151.85506298053332
58.4,153.15399730427583
59.38,153.15399730427583
57.91,154.45393729346338
58.4,154.45393729346338
58.4,155.75721211539386
58.4,154.45393729346338
58.4,155.75721211539386
58.4,155.75721211539386
57.42,154.45393729346338
58.4,155.75721211539386
57.91,157.0632513379174
57.42,157.0632513379174
57.91,158.37149926715102
56.93,158.37149926715102
57.42,157.0632513379174
57.42,158.37149926715102
57.42,158.37149926715102
56.45,158.37149926715102
56.45,158.37149926715102
56.93,158.37149926715102
56.93,159.68407882389738
57.42,159.68407882389738
55.96,159.68407882389738
55.47,160.997718701988
56.45,162.31449116917912
56.45,160.997718701988
55.47,160.997718701988
54.98,162.31449116917912
54.49,162.31449116917912
55.96,162.31449116917912
55.47,162.31449116917912
55.47,163.63632197253244
54.98,163.63632197253244
54.49,163.63632197253244
54.0,163.63632197253244
54.98,164.95999030067898
55.47,164.95999030067898
54.98,166.28737653903394
55.47,164.95999030067898
54.98,163.63632197253244
54.98,164.95999030067898
53.52,164.95999030067898
54.49,166.28737653903394
54.49,166.28737653903394
54.49,166.28737653903394
53.03,166.28737653903394
54.0,166.28737653903394
53.52,167.61779792437073
52.54,167.61779792437073
52.54,167.61779792437073
53.03,168.9505908102752
53.52,167.61779792437073
53.52,168.9505908102752
52.05,168.9505908102752
53.52,168.9505908102752
52.54,168.9505908102752
52.05,170.28511087645197
51.56,170.28511087645197
52.54,170.28511087645197
53.03,170.28511087645197
52.54,170.28511087645197
52.05,171.62533994560872
52.54,171.62533994560872
52.05,171.62533994560872
52.05,171.62533994560872
51.56,171.62533994560872
52.05,172.96591105727634
50.59,174.31291816778182
50.59,174.31291816778182
52.05,172.96591105727634
50.1,172.96591105727634
51.56,174.31291816778182
50.1,174.31291816778182
50.1,172.96591105727634
50.59,174.31291816778182
50.1,174.31291816778182
49.61,175.66107796312306
49.61,175.66107796312306
49.61,175.66107796312306
50.59,175.66107796312306
50.59,175.66107796312306
50.1,177.0118850271136
50.59,175.66107796312306
50.1,178.36670472583472
49.61,177.0118850271136
49.61,177.0118850271136
48.63,178.36670472583472
49.61,179.72262854304088
48.63,179.72262854304088
49.12,179.72262854304088
49.61,178.36670472583472
48.14,178.36670472583472
49.61,179.72262854304088
48.14,178.36670472583472
49.12,179.72262854304088
47.66,179.72262854304088
47.66,179.72262854304088
49.12,179.72262854304088
49.12,181.08506885093468
48.63,181.08506885093468
47.66,181.08506885093468
48.14,181.08506885093468
47.66,181.08506885093468
47.17,181.08506885093468
47.66,181.08506885093468
48.14,182.44702184163464
49.12,182.44702184163464
47.17,182.44702184163464
48.14,182.44702184163464
46.19,182.44702184163464
47.66,183.81569232834414
47.66,182.44702184163464
47.17,183.81569232834414
46.19,185.1842444713361
47.17,183.81569232834414
46.19,185.1842444713361
45.7,185.1842444713361
47.17,183.81569232834414
46.68,183.81569232834414
47.17,185.1842444713361
47.17,185.1842444713361
45.7,185.1842444713361
46.68,186.55764696584518
45.21,185.1842444713361
46.68,186.55764696584518
45.7,186.55764696584518
46.68,187.934903137434
46.19,186.55764696584518
46.19,186.55764696584518
46.19,187.934903137434
44.73,187.934903137434
46.19,187.934903137434
45.21,187.934903137434
46.19,187.934903137434
44.73,189.31504902657383
44.73,187.934903137434
45.21,189.31504902657383
45.21,189.31504902657383
44.24,189.31504902657383
43.75,189.31504902657383
44.73,189.31504902657383
44.24,190.6971538215542
44.73,190.6971538215542
44.73,190.6971538215542
45.21,190.6971538215542
43.26,190.6971538215542
43.26,190.6971538215542
43.26,192.08381352819748
43.75,192.08381352819748
45.21,192.08381352819748
43.26,192.08381352819748
43.26,192.08381352819748
44.73,192.08381352819748
44.73,192.08381352819748
43.75,192.08381352819748
42.77,192.08381352819748
43.26,193.47395474205481
42.77,193.47395474205481
42.29,193.47395474205481
43.26,193.47395474205481
43.75,193.47395474205481
43.26,193.47395474205481
43.75,196.2622193839957
42.77,194.86654174991006
43.26,194.86654174991006
43.26,194.86654174991006
41.8,194.86654174991006
43.75,194.86654174991006
42.77,194.86654174991006
43.26,194.86654174991006
41.31,194.86654174991006
41.8,194.86654174991006
43.26,197.6615343484548
43.26,196.2622193839957
42.77,196.2622193839957
41.31,196.2622193839957
42.29,196.2622193839957
41.31,197.6615343484548
41.8,196.2622193839957
42.29,197.6615343484548
40.82,197.6615343484548
40.33,197.6615343484548
40.82,196.2622193839957
40.33,197.6615343484548
42.29,199.0633641938199
41.8,197.6615343484548
39.84,199.0633641938199
41.31,199.0633641938199
40.82,197.6615343484548
41.8,199.0633641938199
41.8,200.4681701398801
40.82,199.0633641938199
41.31,199.0633641938199
39.84,199.0633641938199
40.33,199.0633641938199
39.84,200.4681701398801
41.31,200.4681701398801
41.8,200.4681701398801
41.31,200.4681701398801
40.82,201.87783098227
40.33,201.87783098227
39.84,201.87783098227
40.33,200.4681701398801
39.36,201.87783098227
39.84,201.87783098227
40.82,200.4681701398801
41.31,201.87783098227
40.82,203.2895839151075
41.31,200.4681701398801
38.87,203.2895839151075
39.84,203.2895839151075
39.36,204.70517171949606
39.84,201.87783098227
39.84,203.2895839151075
38.38,203.2895839151075
40.33,203.2895839151075
38.87,203.2895839151075
37.89,203.2895839151075
38.87,203.2895839151075
39.36,203.2895839151075
39.84,203.2895839151075
38.38,204.70517171949606
38.38,204.70517171949606
39.84,203.2895839151075
38.38,204.70517171949606
39.36,204.70517171949606
37.89,204.70517171949606
38.87,204.70517171949606
37.4,206.12471704337347
37.89,206.12471704337347
37.4,206.12471704337347
38.87,206.12471704337347
37.4,206.12471704337347
38.38,204.70517171949606
37.4,206.12471704337347
37.89,206.12471704337347
37.4,206.12471704337347
37.89,206.12471704337347
36.91,206.12471704337347
37.4,207.54688975846713
37.89,207.54688975846713
37.4,206.12471704337347
36.91,206.12471704337347
37.4,207.54688975846713
36.91,207.54688975846713
36.91,207.54688975846713
36.43,207.54688975846713
37.4,208.9731051344743
37.89,207.54688975846713
36.43,208.9731051344743
37.89,208.9731051344743
37.4,208.9731051344743
35.94,208.9731051344743
36.43,208.9731051344743
36.91,208.9731051344743
36.43,208.9731051344743
36.91,210.40195486244576
37.4,208.9731051344743
36.43,210.40195486244576
37.4,208.9731051344743
36.91,210.40195486244576
35.45,210.40195486244576
35.45,210.40195486244576
35.45,210.40195486244576
37.4,210.40195486244576
37.89,210.40195486244576
35.45,213.2697337392273
35.94,211.83465532395098
35.94,211.83465532395098
36.91,211.83465532395098
35.94,211.83465532395098
36.91,211.83465532395098
36.91,211.83465532395098
34.96,211.83465532395098
35.94,211.83465532395098
35.45,211.83465532395098
36.91,211.83465532395098
35.94,211.83465532395098
36.43,213.2697337392273
34.96,211.83465532395098
35.45,213.2697337392273
34.47,213.2697337392273
34.96,213.2697337392273
35.45,213.2697337392273
36.43,213.2697337392273
36.43,213.2697337392273
34.47,213.2697337392273
34.47,214.7094445091417
35.94,214.7094445091417
33.98,214.7094445091417
35.94,214.7094445091417
34.96,214.7094445091417
33.5,214.7094445091417
33.98,216.1521734585067
33.5,214.7094445091417
33.5,214.7094445091417
35.45,214.7094445091417
33.98,214.7094445091417
33.98,214.7094445091417
33.5,214.7094445091417
34.47,214.7094445091417
35.45,216.1521734585067
35.45,216.1521734585067
35.45,216.1521734585067
33.5,216.1521734585067
33.01,216.1521734585067
33.01,216.1521734585067
35.45,214.7094445091417
33.98,214.7094445091417
33.01,217.5975393253788
33.98,217.5975393253788
33.01,216.1521734585067
33.98,219.047376464595
33.98,216.1521734585067
34.96,217.5975393253788
33.5,217.5975393253788
33.5,217.5975393253788
33.01,217.5975393253788
34.47,217.5975393253788
33.01,217.5975393253788
33.5,217.5975393253788
34.47,217.5975393253788
33.01,217.5975393253788
33.98,217.5975393253788
33.5,217.5975393253788
33.01,219.047376464595
32.52,219.047376464595
32.52,219.047376464595
32.03,219.047376464595
32.03,219.047376464595
31.54,219.047376464595
33.01,219.047376464595
33.98,220.50104069258842
34.47,219.047376464595
32.03,219.047376464595
33.01,219.047376464595
33.01,219.047376464595
33.5,219.047376464595
31.54,220.50104069258842
33.01,220.50104069258842
31.54,220.50104069258842
31.05,220.50104069258842
33.98,220.50104069258842
32.03,220.50104069258842
33.98,219.047376464595
32.03,220.50104069258842
32.03,220.50104069258842
31.54,220.50104069258842
33.01,220.50104069258842
33.01,220.50104069258842
33.5,220.50104069258842
33.01,220.50104069258842
31.54,220.50104069258842
32.03,220.50104069258842
31.05,220.50104069258842
32.52,221.95678271308526
32.03,220.50104069258842
32.52,221.95678271308526
30.57,221.95678271308526
33.01,220.50104069258842
32.52,221.95678271308526
30.57,221.95678271308526
31.05,220.50104069258842
32.52,221.95678271308526
30.08,220.50104069258842
33.01,221.95678271308526
31.05,220.50104069258842
31.54,221.95678271308526
30.08,221.95678271308526
32.03,221.95678271308526
30.08,223.4171119854366
30.08,221.95678271308526
30.57,223.4171119854366
32.52,223.4171119854366
32.03,223.4171119854366
32.52,221.95678271308526
30.08,223.4171119854366
32.03,223.4171119854366
30.08,223.4171119854366
30.08,223.4171119854366
30.08,223.4171119854366
31.54,223.4171119854366
32.03,223.4171119854366
32.03,224.88011120120467
30.08,224.88011120120467
30.08,223.4171119854366
31.54,224.88011120120467
31.05,226.3469189621367
30.57,224.88011120120467
31.54,224.88011120120467
30.57,224.88011120120467
31.54,224.88011120120467
29.1,223.4171119854366
